[0,0,29]=>[0,29,29]
[0,29,0]=>[0,29,29]
[0,28,29]=>[0,29,1]
[0,29,2]=>[0,27,29]
[0,26,29]=>[0,29,3]
[0,29,4]=>[0,25,29]
[0,24,29]=>[0,29,5]
[0,29,6]=>[0,23,29]
[0,22,29]=>[0,29,7]
[0,29,8]=>[0,21,29]
[0,20,29]=>[0,29,9]
[0,29,10]=>[0,19,29]
[0,18,29]=>[0,29,11]
[0,29,12]=>[0,17,29]
[0,16,29]=>[0,29,13]
[0,29,14]=>[0,15,29]
[0,14,29]=>[0,29,15]
[0,29,16]=>[0,13,29]
[0,12,29]=>[0,29,17]
[0,29,18]=>[0,11,29]
[0,10,29]=>[0,29,19]
[0,29,20]=>[0,9,29]
[0,8,29]=>[0,29,21]
[0,29,22]=>[0,7,29]
[0,6,29]=>[0,29,23]
[0,29,24]=>[0,5,29]
[0,4,29]=>[0,29,25]
[0,29,26]=>[0,3,29]
[0,2,29]=>[0,29,27]
[0,29,28]=>[0,1,29]
[0,0,29]=>[0,0,29]
[0,0,0]=>[0,0,29]
[0,29,0]=>[0,0,0]
[0,0,1]=>[0,28,0]
[0,27,0]=>[0,0,2]
[0,0,3]=>[0,26,0]
[0,25,0]=>[0,0,4]
[0,0,5]=>[0,24,0]
[0,23,0]=>[0,0,6]
[0,0,7]=>[0,22,0]
[0,21,0]=>[0,0,8]
[0,0,9]=>[0,20,0]
[0,19,0]=>[0,0,10]
[0,0,11]=>[0,18,0]
[0,17,0]=>[0,0,12]
[0,0,13]=>[0,16,0]
[0,15,0]=>[0,0,14]
[0,0,15]=>[0,14,0]
[0,13,0]=>[0,0,16]
[0,0,17]=>[0,12,0]
[0,11,0]=>[0,0,18]
[0,0,19]=>[0,10,0]
[0,9,0]=>[0,0,20]
[0,0,21]=>[0,8,0]
[0,7,0]=>[0,0,22]
[0,0,23]=>[0,6,0]
[0,5,0]=>[0,0,24]
[0,0,25]=>[0,4,0]
[0,3,0]=>[0,0,26]
[0,0,27]=>[0,2,0]
[0,1,0]=>[0,0,28]
[0,0,28]=>[0,29,29]
[0,28,29]=>[0,0,27]
[0,0,26]=>[0,27,29]
[0,26,29]=>[0,0,25]
[0,0,24]=>[0,25,29]
[0,24,29]=>[0,0,23]
[0,0,22]=>[0,23,29]
[0,22,29]=>[0,0,21]
[0,0,20]=>[0,21,29]
[0,20,29]=>[0,0,19]
[0,0,18]=>[0,19,29]
[0,18,29]=>[0,0,17]
[0,0,16]=>[0,17,29]
[0,16,29]=>[0,0,15]
[0,0,14]=>[0,15,29]
[0,0,13]=>[0,14,29]
[0,13,29]=>[0,0,12]
[0,0,11]=>[0,12,29]
[0,11,29]=>[0,0,10]
[0,0,9]=>[0,10,29]
[0,9,29]=>[0,0,8]
[0,0,7]=>[0,8,29]
[0,7,29]=>[0,0,6]
[0,0,5]=>[0,6,29]
[0,5,29]=>[0,0,4]
[0,0,3]=>[0,4,29]
[0,3,29]=>[0,0,2]
[0,0,1]=>[0,2,29]
[0,1,29]=>[0,0,0]
[0,1,0]=>[0,29,1]
[0,29,2]=>[0,2,0]
[0,4,0]=>[0,29,3]
[0,29,4]=>[0,5,0]
[0,6,0]=>[0,29,5]
[0,29,6]=>[0,7,0]
[0,8,0]=>[0,29,7]
[0,29,8]=>[0,9,0]
[0,10,0]=>[0,29,9]
[0,29,10]=>[0,11,0]
[0,12,0]=>[0,29,11]
[0,29,12]=>[0,13,0]
[0,14,0]=>[0,29,13]
[0,29,14]=>[0,15,0]
[0,16,0]=>[0,29,15]
[0,29,16]=>[0,17,0]
[0,18,0]=>[0,29,17]
[0,29,18]=>[0,19,0]
[0,20,0]=>[0,29,19]
[0,29,20]=>[0,21,0]
[0,22,0]=>[0,29,21]
[0,29,22]=>[0,23,0]
[0,24,0]=>[0,29,23]
[0,29,25]=>[0,25,0]
[0,26,0]=>[0,29,26]
[0,29,27]=>[0,27,0]
[0,28,0]=>[0,29,28]
[0,15,15]=>[15,15,15]
[0,15,29]=>[0,15,15]
[0,15,0]=>[0,15,15]
[0,15,16]=>[15,15,15]
[14,15,15]=>[0,15,17]
[0,15,18]=>[13,15,15]
[0,15,19]=>[12,15,15]
[11,15,15]=>[0,15,20]
[0,15,21]=>[10,15,15]
[9,15,15]=>[0,15,22]
[0,15,23]=>[8,15,15]
[0,15,24]=>[7,15,15]
[0,15,25]=>[6,15,15]
[5,15,15]=>[0,15,26]
[0,15,27]=>[4,15,15]
[3,15,15]=>[0,15,28]
[0,15,29]=>[2,15,15]
[0,15,14]=>[15,15,15]
[14,15,15]=>[0,15,13]
[0,15,12]=>[13,15,15]
[12,15,15]=>[0,15,11]
[0,15,10]=>[11,15,15]
[10,15,15]=>[0,15,9]
[0,15,8]=>[9,15,15]
[8,15,15]=>[0,15,7]
[0,15,6]=>[7,15,15]
[6,15,15]=>[0,15,5]
[0,15,4]=>[5,15,15]
[4,15,15]=>[0,15,3]
[0,15,2]=>[3,15,15]
[2,15,15]=>[0,15,1]
[22,15,15]=>[15,15,15]
[22,15,22]=>[22,15,15]
[21,15,15]=>[22,15,22]
[22,15,21]=>[20,15,15]
[19,15,15]=>[22,15,20]
[22,15,19]=>[18,15,15]
[17,15,15]=>[22,15,18]
[16,15,15]=>[16,15,15]
[22,15,17]=>[16,15,15]
[15,15,15]=>[22,15,16]
[22,15,8]=>[22,15,15]
[21,15,15]=>[22,15,8]
[22,15,9]=>[20,15,15]
[19,15,15]=>[22,15,10]
[22,15,11]=>[18,15,15]
[17,15,15]=>[22,15,12]
[22,15,13]=>[16,15,15]
[15,15,15]=>[22,15,14]
