[29,0,0]=>[29,0,29]
[0,0,29]=>[29,0,29]
[29,0,28]=>[1,0,29]
[2,0,29]=>[29,0,27]
[29,0,26]=>[3,0,29]
[4,0,29]=>[29,0,25]
[29,0,24]=>[5,0,29]
[6,0,29]=>[29,0,23]
[29,0,22]=>[7,0,29]
[8,0,29]=>[29,0,21]
[29,0,20]=>[9,0,29]
[10,0,29]=>[29,0,19]
[29,0,18]=>[11,0,29]
[12,0,29]=>[29,0,17]
[29,0,16]=>[13,0,29]
[14,0,29]=>[29,0,15]
[29,0,14]=>[15,0,29]
[16,0,29]=>[29,0,13]
[29,0,12]=>[17,0,29]
[18,0,29]=>[29,0,11]
[29,0,10]=>[19,0,29]
[20,0,29]=>[29,0,9]
[29,0,8]=>[21,0,29]
[22,0,29]=>[29,0,7]
[29,0,6]=>[23,0,29]
[24,0,29]=>[29,0,5]
[29,0,4]=>[25,0,29]
[26,0,29]=>[29,0,3]
[29,0,2]=>[27,0,29]
[28,0,29]=>[29,0,1]
[29,0,0]=>[29,0,0]
[0,0,0]=>[29,0,0]
[0,0,29]=>[0,0,0]
[1,0,0]=>[0,0,28]
[0,0,27]=>[2,0,0]
[3,0,0]=>[0,0,26]
[0,0,25]=>[4,0,0]
[5,0,0]=>[0,0,24]
[0,0,23]=>[6,0,0]
[7,0,0]=>[0,0,22]
[0,0,21]=>[8,0,0]
[9,0,0]=>[0,0,20]
[0,0,19]=>[10,0,0]
[11,0,0]=>[0,0,18]
[0,0,17]=>[12,0,0]
[13,0,0]=>[0,0,16]
[0,0,15]=>[14,0,0]
[15,0,0]=>[0,0,14]
[0,0,13]=>[16,0,0]
[17,0,0]=>[0,0,12]
[0,0,11]=>[18,0,0]
[19,0,0]=>[0,0,10]
[0,0,9]=>[20,0,0]
[21,0,0]=>[0,0,8]
[0,0,7]=>[22,0,0]
[23,0,0]=>[0,0,6]
[0,0,5]=>[24,0,0]
[25,0,0]=>[0,0,4]
[0,0,3]=>[26,0,0]
[27,0,0]=>[0,0,2]
[0,0,1]=>[28,0,0]
[28,0,0]=>[29,0,29]
[29,0,28]=>[27,0,0]
[26,0,0]=>[29,0,27]
[29,0,26]=>[25,0,0]
[24,0,0]=>[29,0,25]
[29,0,24]=>[23,0,0]
[22,0,0]=>[29,0,23]
[29,0,22]=>[21,0,0]
[20,0,0]=>[29,0,21]
[29,0,20]=>[19,0,0]
[18,0,0]=>[29,0,19]
[29,0,18]=>[17,0,0]
[16,0,0]=>[29,0,17]
[29,0,16]=>[15,0,0]
[14,0,0]=>[29,0,15]
[13,0,0]=>[29,0,14]
[29,0,13]=>[12,0,0]
[11,0,0]=>[29,0,12]
[29,0,11]=>[10,0,0]
[9,0,0]=>[29,0,10]
[29,0,9]=>[8,0,0]
[7,0,0]=>[29,0,8]
[29,0,7]=>[6,0,0]
[5,0,0]=>[29,0,6]
[29,0,5]=>[4,0,0]
[3,0,0]=>[29,0,4]
[29,0,3]=>[2,0,0]
[1,0,0]=>[29,0,2]
[29,0,1]=>[0,0,0]
[0,0,1]=>[1,0,29]
[2,0,29]=>[0,0,2]
[0,0,4]=>[3,0,29]
[4,0,29]=>[0,0,5]
[0,0,6]=>[5,0,29]
[6,0,29]=>[0,0,7]
[0,0,8]=>[7,0,29]
[8,0,29]=>[0,0,9]
[0,0,10]=>[9,0,29]
[10,0,29]=>[0,0,11]
[0,0,12]=>[11,0,29]
[12,0,29]=>[0,0,13]
[0,0,14]=>[13,0,29]
[14,0,29]=>[0,0,15]
[0,0,16]=>[15,0,29]
[16,0,29]=>[0,0,17]
[0,0,18]=>[17,0,29]
[18,0,29]=>[0,0,19]
[0,0,20]=>[19,0,29]
[20,0,29]=>[0,0,21]
[0,0,22]=>[21,0,29]
[22,0,29]=>[0,0,23]
[0,0,24]=>[23,0,29]
[25,0,29]=>[0,0,25]
[0,0,26]=>[26,0,29]
[27,0,29]=>[0,0,27]
[0,0,28]=>[28,0,29]
