[15,0,29]=>[15,29,29]
[15,29,0]=>[15,29,29]
[15,28,29]=>[15,29,1]
[15,29,2]=>[15,27,29]
[15,26,29]=>[15,29,3]
[15,29,4]=>[15,25,29]
[15,24,29]=>[15,29,5]
[15,29,6]=>[15,23,29]
[15,22,29]=>[15,29,7]
[15,29,8]=>[15,21,29]
[15,20,29]=>[15,29,9]
[15,29,10]=>[15,19,29]
[15,18,29]=>[15,29,11]
[15,29,12]=>[15,17,29]
[15,16,29]=>[15,29,13]
[15,29,14]=>[15,15,29]
[15,14,29]=>[15,29,15]
[15,29,16]=>[15,13,29]
[15,12,29]=>[15,29,17]
[15,29,18]=>[15,11,29]
[15,10,29]=>[15,29,19]
[15,29,20]=>[15,9,29]
[15,8,29]=>[15,29,21]
[15,29,22]=>[15,7,29]
[15,6,29]=>[15,29,23]
[15,29,24]=>[15,5,29]
[15,4,29]=>[15,29,25]
[15,29,26]=>[15,3,29]
[15,2,29]=>[15,29,27]
[15,29,28]=>[15,1,29]
[15,0,29]=>[15,0,29]
[15,0,0]=>[15,0,29]
[15,29,0]=>[15,0,0]
[15,0,1]=>[15,28,0]
[15,27,0]=>[15,0,2]
[15,0,3]=>[15,26,0]
[15,25,0]=>[15,0,4]
[15,0,5]=>[15,24,0]
[15,23,0]=>[15,0,6]
[15,0,7]=>[15,22,0]
[15,21,0]=>[15,0,8]
[15,0,9]=>[15,20,0]
[15,19,0]=>[15,0,10]
[15,0,11]=>[15,18,0]
[15,17,0]=>[15,0,12]
[15,0,13]=>[15,16,0]
[15,15,0]=>[15,0,14]
[15,0,15]=>[15,14,0]
[15,13,0]=>[15,0,16]
[15,0,17]=>[15,12,0]
[15,11,0]=>[15,0,18]
[15,0,19]=>[15,10,0]
[15,9,0]=>[15,0,20]
[15,0,21]=>[15,8,0]
[15,7,0]=>[15,0,22]
[15,0,23]=>[15,6,0]
[15,5,0]=>[15,0,24]
[15,0,25]=>[15,4,0]
[15,3,0]=>[15,0,26]
[15,0,27]=>[15,2,0]
[15,1,0]=>[15,0,28]
