[0,0,29]=>[0,29,29]
[0,29,0]=>[0,29,29]
[0,28,29]=>[0,29,1]
[0,29,2]=>[0,27,29]
[0,26,29]=>[0,29,3]
[0,29,4]=>[0,25,29]
[0,24,29]=>[0,29,5]
[0,29,6]=>[0,23,29]
[0,22,29]=>[0,29,7]
[0,29,8]=>[0,21,29]
[0,20,29]=>[0,29,9]
[0,29,10]=>[0,19,29]
[0,18,29]=>[0,29,11]
[0,29,12]=>[0,17,29]
[0,16,29]=>[0,29,13]
[0,29,14]=>[0,15,29]
[0,14,29]=>[0,29,15]
[0,29,16]=>[0,13,29]
[0,12,29]=>[0,29,17]
[0,29,18]=>[0,11,29]
[0,10,29]=>[0,29,19]
[0,29,20]=>[0,9,29]
[0,8,29]=>[0,29,21]
[0,29,22]=>[0,7,29]
[0,6,29]=>[0,29,23]
[0,29,24]=>[0,5,29]
[0,4,29]=>[0,29,25]
[0,29,26]=>[0,3,29]
[0,2,29]=>[0,29,27]
[0,29,28]=>[0,1,29]
[0,0,29]=>[0,0,29]
[0,0,0]=>[0,0,29]
[0,29,0]=>[0,0,0]
[0,0,1]=>[0,28,0]
[0,27,0]=>[0,0,2]
[0,0,3]=>[0,26,0]
[0,25,0]=>[0,0,4]
[0,0,5]=>[0,24,0]
[0,23,0]=>[0,0,6]
[0,0,7]=>[0,22,0]
[0,21,0]=>[0,0,8]
[0,0,9]=>[0,20,0]
[0,19,0]=>[0,0,10]
[0,0,11]=>[0,18,0]
[0,17,0]=>[0,0,12]
[0,0,13]=>[0,16,0]
[0,15,0]=>[0,0,14]
[0,0,15]=>[0,14,0]
[0,13,0]=>[0,0,16]
[0,0,17]=>[0,12,0]
[0,11,0]=>[0,0,18]
[0,0,19]=>[0,10,0]
[0,9,0]=>[0,0,20]
[0,0,21]=>[0,8,0]
[0,7,0]=>[0,0,22]
[0,0,23]=>[0,6,0]
[0,5,0]=>[0,0,24]
[0,0,25]=>[0,4,0]
[0,3,0]=>[0,0,26]
[0,0,27]=>[0,2,0]
[0,1,0]=>[0,0,28]
[2,0,29]=>[2,29,29]
[2,29,0]=>[2,29,29]
[2,28,29]=>[2,29,1]
[2,29,2]=>[2,27,29]
[2,26,29]=>[2,29,3]
[2,29,4]=>[2,25,29]
[2,24,29]=>[2,29,5]
[2,29,6]=>[2,23,29]
[2,22,29]=>[2,29,7]
[2,29,8]=>[2,21,29]
[2,20,29]=>[2,29,9]
[2,29,10]=>[2,19,29]
[2,18,29]=>[2,29,11]
[2,29,12]=>[2,17,29]
[2,16,29]=>[2,29,13]
[2,29,14]=>[2,15,29]
[2,14,29]=>[2,29,15]
[2,29,16]=>[2,13,29]
[2,12,29]=>[2,29,17]
[2,29,18]=>[2,11,29]
[2,10,29]=>[2,29,19]
[2,29,20]=>[2,9,29]
[2,8,29]=>[2,29,21]
[2,29,22]=>[2,7,29]
[2,6,29]=>[2,29,23]
[2,29,24]=>[2,5,29]
[2,4,29]=>[2,29,25]
[2,29,26]=>[2,3,29]
[2,2,29]=>[2,29,27]
[2,29,28]=>[2,1,29]
[2,0,29]=>[2,0,29]
[2,0,0]=>[2,0,29]
[2,29,0]=>[2,0,0]
[2,0,1]=>[2,28,0]
[2,27,0]=>[2,0,2]
[2,0,3]=>[2,26,0]
[2,25,0]=>[2,0,4]
[2,0,5]=>[2,24,0]
[2,23,0]=>[2,0,6]
[2,0,7]=>[2,22,0]
[2,21,0]=>[2,0,8]
[2,0,9]=>[2,20,0]
[2,19,0]=>[2,0,10]
[2,0,11]=>[2,18,0]
[2,17,0]=>[2,0,12]
[2,0,13]=>[2,16,0]
[2,15,0]=>[2,0,14]
[2,0,15]=>[2,14,0]
[2,13,0]=>[2,0,16]
[2,0,17]=>[2,12,0]
[2,11,0]=>[2,0,18]
[2,0,19]=>[2,10,0]
[2,9,0]=>[2,0,20]
[2,0,21]=>[2,8,0]
[2,7,0]=>[2,0,22]
[2,0,23]=>[2,6,0]
[2,5,0]=>[2,0,24]
[2,0,25]=>[2,4,0]
[2,3,0]=>[2,0,26]
[2,0,27]=>[2,2,0]
[2,1,0]=>[2,0,28]
[4,0,29]=>[4,29,29]
[4,29,0]=>[4,29,29]
[4,28,29]=>[4,29,1]
[4,29,2]=>[4,27,29]
[4,26,29]=>[4,29,3]
[4,29,4]=>[4,25,29]
[4,24,29]=>[4,29,5]
[4,29,6]=>[4,23,29]
[4,22,29]=>[4,29,7]
[4,29,8]=>[4,21,29]
[4,20,29]=>[4,29,9]
[4,29,10]=>[4,19,29]
[4,18,29]=>[4,29,11]
[4,29,12]=>[4,17,29]
[4,16,29]=>[4,29,13]
[4,29,14]=>[4,15,29]
[4,14,29]=>[4,29,15]
[4,29,16]=>[4,13,29]
[4,12,29]=>[4,29,17]
[4,29,18]=>[4,11,29]
[4,10,29]=>[4,29,19]
[4,29,20]=>[4,9,29]
[4,8,29]=>[4,29,21]
[4,29,22]=>[4,7,29]
[4,6,29]=>[4,29,23]
[4,29,24]=>[4,5,29]
[4,4,29]=>[4,29,25]
[4,29,26]=>[4,3,29]
[4,2,29]=>[4,29,27]
[4,29,28]=>[4,1,29]
[4,0,29]=>[4,0,29]
[4,0,0]=>[4,0,29]
[4,29,0]=>[4,0,0]
[4,0,1]=>[4,28,0]
[4,27,0]=>[4,0,2]
[4,0,3]=>[4,26,0]
[4,25,0]=>[4,0,4]
[4,0,5]=>[4,24,0]
[4,23,0]=>[4,0,6]
[4,0,7]=>[4,22,0]
[4,21,0]=>[4,0,8]
[4,0,9]=>[4,20,0]
[4,19,0]=>[4,0,10]
[4,0,11]=>[4,18,0]
[4,17,0]=>[4,0,12]
[4,0,13]=>[4,16,0]
[4,15,0]=>[4,0,14]
[4,0,15]=>[4,14,0]
[4,13,0]=>[4,0,16]
[4,0,17]=>[4,12,0]
[4,11,0]=>[4,0,18]
[4,0,19]=>[4,10,0]
[4,9,0]=>[4,0,20]
[4,0,21]=>[4,8,0]
[4,7,0]=>[4,0,22]
[4,0,23]=>[4,6,0]
[4,5,0]=>[4,0,24]
[4,0,25]=>[4,4,0]
[4,3,0]=>[4,0,26]
[4,0,27]=>[4,2,0]
[4,1,0]=>[4,0,28]
[6,0,29]=>[6,29,29]
[6,29,0]=>[6,29,29]
[6,28,29]=>[6,29,1]
[6,29,2]=>[6,27,29]
[6,26,29]=>[6,29,3]
[6,29,4]=>[6,25,29]
[6,24,29]=>[6,29,5]
[6,29,6]=>[6,23,29]
[6,22,29]=>[6,29,7]
[6,29,8]=>[6,21,29]
[6,20,29]=>[6,29,9]
[6,29,10]=>[6,19,29]
[6,18,29]=>[6,29,11]
[6,29,12]=>[6,17,29]
[6,16,29]=>[6,29,13]
[6,29,14]=>[6,15,29]
[6,14,29]=>[6,29,15]
[6,29,16]=>[6,13,29]
[6,12,29]=>[6,29,17]
[6,29,18]=>[6,11,29]
[6,10,29]=>[6,29,19]
[6,29,20]=>[6,9,29]
[6,8,29]=>[6,29,21]
[6,29,22]=>[6,7,29]
[6,6,29]=>[6,29,23]
[6,29,24]=>[6,5,29]
[6,4,29]=>[6,29,25]
[6,29,26]=>[6,3,29]
[6,2,29]=>[6,29,27]
[6,29,28]=>[6,1,29]
[6,0,29]=>[6,0,29]
[6,0,0]=>[6,0,29]
[6,29,0]=>[6,0,0]
[6,0,1]=>[6,28,0]
[6,27,0]=>[6,0,2]
[6,0,3]=>[6,26,0]
[6,25,0]=>[6,0,4]
[6,0,5]=>[6,24,0]
[6,23,0]=>[6,0,6]
[6,0,7]=>[6,22,0]
[6,21,0]=>[6,0,8]
[6,0,9]=>[6,20,0]
[6,19,0]=>[6,0,10]
[6,0,11]=>[6,18,0]
[6,17,0]=>[6,0,12]
[6,0,13]=>[6,16,0]
[6,15,0]=>[6,0,14]
[6,0,15]=>[6,14,0]
[6,13,0]=>[6,0,16]
[6,0,17]=>[6,12,0]
[6,11,0]=>[6,0,18]
[6,0,19]=>[6,10,0]
[6,9,0]=>[6,0,20]
[6,0,21]=>[6,8,0]
[6,7,0]=>[6,0,22]
[6,0,23]=>[6,6,0]
[6,5,0]=>[6,0,24]
[6,0,25]=>[6,4,0]
[6,3,0]=>[6,0,26]
[6,0,27]=>[6,2,0]
[6,1,0]=>[6,0,28]
[8,0,29]=>[8,29,29]
[8,29,0]=>[8,29,29]
[8,28,29]=>[8,29,1]
[8,29,2]=>[8,27,29]
[8,26,29]=>[8,29,3]
[8,29,4]=>[8,25,29]
[8,24,29]=>[8,29,5]
[8,29,6]=>[8,23,29]
[8,22,29]=>[8,29,7]
[8,29,8]=>[8,21,29]
[8,20,29]=>[8,29,9]
[8,29,10]=>[8,19,29]
[8,18,29]=>[8,29,11]
[8,29,12]=>[8,17,29]
[8,16,29]=>[8,29,13]
[8,29,14]=>[8,15,29]
[8,14,29]=>[8,29,15]
[8,29,16]=>[8,13,29]
[8,12,29]=>[8,29,17]
[8,29,18]=>[8,11,29]
[8,10,29]=>[8,29,19]
[8,29,20]=>[8,9,29]
[8,8,29]=>[8,29,21]
[8,29,22]=>[8,7,29]
[8,6,29]=>[8,29,23]
[8,29,24]=>[8,5,29]
[8,4,29]=>[8,29,25]
[8,29,26]=>[8,3,29]
[8,2,29]=>[8,29,27]
[8,29,28]=>[8,1,29]
[8,0,29]=>[8,0,29]
[8,0,0]=>[8,0,29]
[8,29,0]=>[8,0,0]
[8,0,1]=>[8,28,0]
[8,27,0]=>[8,0,2]
[8,0,3]=>[8,26,0]
[8,25,0]=>[8,0,4]
[8,0,5]=>[8,24,0]
[8,23,0]=>[8,0,6]
[8,0,7]=>[8,22,0]
[8,21,0]=>[8,0,8]
[8,0,9]=>[8,20,0]
[8,19,0]=>[8,0,10]
[8,0,11]=>[8,18,0]
[8,17,0]=>[8,0,12]
[8,0,13]=>[8,16,0]
[8,15,0]=>[8,0,14]
[8,0,15]=>[8,14,0]
[8,13,0]=>[8,0,16]
[8,0,17]=>[8,12,0]
[8,11,0]=>[8,0,18]
[8,0,19]=>[8,10,0]
[8,9,0]=>[8,0,20]
[8,0,21]=>[8,8,0]
[8,7,0]=>[8,0,22]
[8,0,23]=>[8,6,0]
[8,5,0]=>[8,0,24]
[8,0,25]=>[8,4,0]
[8,3,0]=>[8,0,26]
[8,0,27]=>[8,2,0]
[8,1,0]=>[8,0,28]
[10,0,29]=>[10,29,29]
[10,29,0]=>[10,29,29]
[10,28,29]=>[10,29,1]
[10,29,2]=>[10,27,29]
[10,26,29]=>[10,29,3]
[10,29,4]=>[10,25,29]
[10,24,29]=>[10,29,5]
[10,29,6]=>[10,23,29]
[10,22,29]=>[10,29,7]
[10,29,8]=>[10,21,29]
[10,20,29]=>[10,29,9]
[10,29,10]=>[10,19,29]
[10,18,29]=>[10,29,11]
[10,29,12]=>[10,17,29]
[10,16,29]=>[10,29,13]
[10,29,14]=>[10,15,29]
[10,14,29]=>[10,29,15]
[10,29,16]=>[10,13,29]
[10,12,29]=>[10,29,17]
[10,29,18]=>[10,11,29]
[10,10,29]=>[10,29,19]
[10,29,20]=>[10,9,29]
[10,8,29]=>[10,29,21]
[10,29,22]=>[10,7,29]
[10,6,29]=>[10,29,23]
[10,29,24]=>[10,5,29]
[10,4,29]=>[10,29,25]
[10,29,26]=>[10,3,29]
[10,2,29]=>[10,29,27]
[10,29,28]=>[10,1,29]
[10,0,29]=>[10,0,29]
[10,0,0]=>[10,0,29]
[10,29,0]=>[10,0,0]
[10,0,1]=>[10,28,0]
[10,27,0]=>[10,0,2]
[10,0,3]=>[10,26,0]
[10,25,0]=>[10,0,4]
[10,0,5]=>[10,24,0]
[10,23,0]=>[10,0,6]
[10,0,7]=>[10,22,0]
[10,21,0]=>[10,0,8]
[10,0,9]=>[10,20,0]
[10,19,0]=>[10,0,10]
[10,0,11]=>[10,18,0]
[10,17,0]=>[10,0,12]
[10,0,13]=>[10,16,0]
[10,15,0]=>[10,0,14]
[10,0,15]=>[10,14,0]
[10,13,0]=>[10,0,16]
[10,0,17]=>[10,12,0]
[10,11,0]=>[10,0,18]
[10,0,19]=>[10,10,0]
[10,9,0]=>[10,0,20]
[10,0,21]=>[10,8,0]
[10,7,0]=>[10,0,22]
[10,0,23]=>[10,6,0]
[10,5,0]=>[10,0,24]
[10,0,25]=>[10,4,0]
[10,3,0]=>[10,0,26]
[10,0,27]=>[10,2,0]
[10,1,0]=>[10,0,28]
[12,0,29]=>[12,29,29]
[12,29,0]=>[12,29,29]
[12,28,29]=>[12,29,1]
[12,29,2]=>[12,27,29]
[12,26,29]=>[12,29,3]
[12,29,4]=>[12,25,29]
[12,24,29]=>[12,29,5]
[12,29,6]=>[12,23,29]
[12,22,29]=>[12,29,7]
[12,29,8]=>[12,21,29]
[12,20,29]=>[12,29,9]
[12,29,10]=>[12,19,29]
[12,18,29]=>[12,29,11]
[12,29,12]=>[12,17,29]
[12,16,29]=>[12,29,13]
[12,29,14]=>[12,15,29]
[12,14,29]=>[12,29,15]
[12,29,16]=>[12,13,29]
[12,12,29]=>[12,29,17]
[12,29,18]=>[12,11,29]
[12,10,29]=>[12,29,19]
[12,29,20]=>[12,9,29]
[12,8,29]=>[12,29,21]
[12,29,22]=>[12,7,29]
[12,6,29]=>[12,29,23]
[12,29,24]=>[12,5,29]
[12,4,29]=>[12,29,25]
[12,29,26]=>[12,3,29]
[12,2,29]=>[12,29,27]
[12,29,28]=>[12,1,29]
[12,0,29]=>[12,0,29]
[12,0,0]=>[12,0,29]
[12,29,0]=>[12,0,0]
[12,0,1]=>[12,28,0]
[12,27,0]=>[12,0,2]
[12,0,3]=>[12,26,0]
[12,25,0]=>[12,0,4]
[12,0,5]=>[12,24,0]
[12,23,0]=>[12,0,6]
[12,0,7]=>[12,22,0]
[12,21,0]=>[12,0,8]
[12,0,9]=>[12,20,0]
[12,19,0]=>[12,0,10]
[12,0,11]=>[12,18,0]
[12,17,0]=>[12,0,12]
[12,0,13]=>[12,16,0]
[12,15,0]=>[12,0,14]
[12,0,15]=>[12,14,0]
[12,13,0]=>[12,0,16]
[12,0,17]=>[12,12,0]
[12,11,0]=>[12,0,18]
[12,0,19]=>[12,10,0]
[12,9,0]=>[12,0,20]
[12,0,21]=>[12,8,0]
[12,7,0]=>[12,0,22]
[12,0,23]=>[12,6,0]
[12,5,0]=>[12,0,24]
[12,0,25]=>[12,4,0]
[12,3,0]=>[12,0,26]
[12,0,27]=>[12,2,0]
[12,1,0]=>[12,0,28]
[14,0,29]=>[14,29,29]
[14,29,0]=>[14,29,29]
[14,28,29]=>[14,29,1]
[14,29,2]=>[14,27,29]
[14,26,29]=>[14,29,3]
[14,29,4]=>[14,25,29]
[14,24,29]=>[14,29,5]
[14,29,6]=>[14,23,29]
[14,22,29]=>[14,29,7]
[14,29,8]=>[14,21,29]
[14,20,29]=>[14,29,9]
[14,29,10]=>[14,19,29]
[14,18,29]=>[14,29,11]
[14,29,12]=>[14,17,29]
[14,16,29]=>[14,29,13]
[14,29,14]=>[14,15,29]
[14,14,29]=>[14,29,15]
[14,29,16]=>[14,13,29]
[14,12,29]=>[14,29,17]
[14,29,18]=>[14,11,29]
[14,10,29]=>[14,29,19]
[14,29,20]=>[14,9,29]
[14,8,29]=>[14,29,21]
[14,29,22]=>[14,7,29]
[14,6,29]=>[14,29,23]
[14,29,24]=>[14,5,29]
[14,4,29]=>[14,29,25]
[14,29,26]=>[14,3,29]
[14,2,29]=>[14,29,27]
[14,29,28]=>[14,1,29]
[14,0,29]=>[14,0,29]
[14,0,0]=>[14,0,29]
[14,29,0]=>[14,0,0]
[14,0,1]=>[14,28,0]
[14,27,0]=>[14,0,2]
[14,0,3]=>[14,26,0]
[14,25,0]=>[14,0,4]
[14,0,5]=>[14,24,0]
[14,23,0]=>[14,0,6]
[14,0,7]=>[14,22,0]
[14,21,0]=>[14,0,8]
[14,0,9]=>[14,20,0]
[14,19,0]=>[14,0,10]
[14,0,11]=>[14,18,0]
[14,17,0]=>[14,0,12]
[14,0,13]=>[14,16,0]
[14,15,0]=>[14,0,14]
[14,0,15]=>[14,14,0]
[14,13,0]=>[14,0,16]
[14,0,17]=>[14,12,0]
[14,11,0]=>[14,0,18]
[14,0,19]=>[14,10,0]
[14,9,0]=>[14,0,20]
[14,0,21]=>[14,8,0]
[14,7,0]=>[14,0,22]
[14,0,23]=>[14,6,0]
[14,5,0]=>[14,0,24]
[14,0,25]=>[14,4,0]
[14,3,0]=>[14,0,26]
[14,0,27]=>[14,2,0]
[14,1,0]=>[14,0,28]
[16,0,29]=>[16,29,29]
[16,29,0]=>[16,29,29]
[16,28,29]=>[16,29,1]
[16,29,2]=>[16,27,29]
[16,26,29]=>[16,29,3]
[16,29,4]=>[16,25,29]
[16,24,29]=>[16,29,5]
[16,29,6]=>[16,23,29]
[16,22,29]=>[16,29,7]
[16,29,8]=>[16,21,29]
[16,20,29]=>[16,29,9]
[16,29,10]=>[16,19,29]
[16,18,29]=>[16,29,11]
[16,29,12]=>[16,17,29]
[16,16,29]=>[16,29,13]
[16,29,14]=>[16,15,29]
[16,14,29]=>[16,29,15]
[16,29,16]=>[16,13,29]
[16,12,29]=>[16,29,17]
[16,29,18]=>[16,11,29]
[16,10,29]=>[16,29,19]
[16,29,20]=>[16,9,29]
[16,8,29]=>[16,29,21]
[16,29,22]=>[16,7,29]
[16,6,29]=>[16,29,23]
[16,29,24]=>[16,5,29]
[16,4,29]=>[16,29,25]
[16,29,26]=>[16,3,29]
[16,2,29]=>[16,29,27]
[16,29,28]=>[16,1,29]
[16,0,29]=>[16,0,29]
[16,0,0]=>[16,0,29]
[16,29,0]=>[16,0,0]
[16,0,1]=>[16,28,0]
[16,27,0]=>[16,0,2]
[16,0,3]=>[16,26,0]
[16,25,0]=>[16,0,4]
[16,0,5]=>[16,24,0]
[16,23,0]=>[16,0,6]
[16,0,7]=>[16,22,0]
[16,21,0]=>[16,0,8]
[16,0,9]=>[16,20,0]
[16,19,0]=>[16,0,10]
[16,0,11]=>[16,18,0]
[16,17,0]=>[16,0,12]
[16,0,13]=>[16,16,0]
[16,15,0]=>[16,0,14]
[16,0,15]=>[16,14,0]
[16,13,0]=>[16,0,16]
[16,0,17]=>[16,12,0]
[16,11,0]=>[16,0,18]
[16,0,19]=>[16,10,0]
[16,9,0]=>[16,0,20]
[16,0,21]=>[16,8,0]
[16,7,0]=>[16,0,22]
[16,0,23]=>[16,6,0]
[16,5,0]=>[16,0,24]
[16,0,25]=>[16,4,0]
[16,3,0]=>[16,0,26]
[16,0,27]=>[16,2,0]
[16,1,0]=>[16,0,28]
[18,0,29]=>[18,29,29]
[18,29,0]=>[18,29,29]
[18,28,29]=>[18,29,1]
[18,29,2]=>[18,27,29]
[18,26,29]=>[18,29,3]
[18,29,4]=>[18,25,29]
[18,24,29]=>[18,29,5]
[18,29,6]=>[18,23,29]
[18,22,29]=>[18,29,7]
[18,29,8]=>[18,21,29]
[18,20,29]=>[18,29,9]
[18,29,10]=>[18,19,29]
[18,18,29]=>[18,29,11]
[18,29,12]=>[18,17,29]
[18,16,29]=>[18,29,13]
[18,29,14]=>[18,15,29]
[18,14,29]=>[18,29,15]
[18,29,16]=>[18,13,29]
[18,12,29]=>[18,29,17]
[18,29,18]=>[18,11,29]
[18,10,29]=>[18,29,19]
[18,29,20]=>[18,9,29]
[18,8,29]=>[18,29,21]
[18,29,22]=>[18,7,29]
[18,6,29]=>[18,29,23]
[18,29,24]=>[18,5,29]
[18,4,29]=>[18,29,25]
[18,29,26]=>[18,3,29]
[18,2,29]=>[18,29,27]
[18,29,28]=>[18,1,29]
[18,0,29]=>[18,0,29]
[18,0,0]=>[18,0,29]
[18,29,0]=>[18,0,0]
[18,0,1]=>[18,28,0]
[18,27,0]=>[18,0,2]
[18,0,3]=>[18,26,0]
[18,25,0]=>[18,0,4]
[18,0,5]=>[18,24,0]
[18,23,0]=>[18,0,6]
[18,0,7]=>[18,22,0]
[18,21,0]=>[18,0,8]
[18,0,9]=>[18,20,0]
[18,19,0]=>[18,0,10]
[18,0,11]=>[18,18,0]
[18,17,0]=>[18,0,12]
[18,0,13]=>[18,16,0]
[18,15,0]=>[18,0,14]
[18,0,15]=>[18,14,0]
[18,13,0]=>[18,0,16]
[18,0,17]=>[18,12,0]
[18,11,0]=>[18,0,18]
[18,0,19]=>[18,10,0]
[18,9,0]=>[18,0,20]
[18,0,21]=>[18,8,0]
[18,7,0]=>[18,0,22]
[18,0,23]=>[18,6,0]
[18,5,0]=>[18,0,24]
[18,0,25]=>[18,4,0]
[18,3,0]=>[18,0,26]
[18,0,27]=>[18,2,0]
[18,1,0]=>[18,0,28]
[20,0,29]=>[20,29,29]
[20,29,0]=>[20,29,29]
[20,28,29]=>[20,29,1]
[20,29,2]=>[20,27,29]
[20,26,29]=>[20,29,3]
[20,29,4]=>[20,25,29]
[20,24,29]=>[20,29,5]
[20,29,6]=>[20,23,29]
[20,22,29]=>[20,29,7]
[20,29,8]=>[20,21,29]
[20,20,29]=>[20,29,9]
[20,29,10]=>[20,19,29]
[20,18,29]=>[20,29,11]
[20,29,12]=>[20,17,29]
[20,16,29]=>[20,29,13]
[20,29,14]=>[20,15,29]
[20,14,29]=>[20,29,15]
[20,29,16]=>[20,13,29]
[20,12,29]=>[20,29,17]
[20,29,18]=>[20,11,29]
[20,10,29]=>[20,29,19]
[20,29,20]=>[20,9,29]
[20,8,29]=>[20,29,21]
[20,29,22]=>[20,7,29]
[20,6,29]=>[20,29,23]
[20,29,24]=>[20,5,29]
[20,4,29]=>[20,29,25]
[20,29,26]=>[20,3,29]
[20,2,29]=>[20,29,27]
[20,29,28]=>[20,1,29]
[20,0,29]=>[20,0,29]
[20,0,0]=>[20,0,29]
[20,29,0]=>[20,0,0]
[20,0,1]=>[20,28,0]
[20,27,0]=>[20,0,2]
[20,0,3]=>[20,26,0]
[20,25,0]=>[20,0,4]
[20,0,5]=>[20,24,0]
[20,23,0]=>[20,0,6]
[20,0,7]=>[20,22,0]
[20,21,0]=>[20,0,8]
[20,0,9]=>[20,20,0]
[20,19,0]=>[20,0,10]
[20,0,11]=>[20,18,0]
[20,17,0]=>[20,0,12]
[20,0,13]=>[20,16,0]
[20,15,0]=>[20,0,14]
[20,0,15]=>[20,14,0]
[20,13,0]=>[20,0,16]
[20,0,17]=>[20,12,0]
[20,11,0]=>[20,0,18]
[20,0,19]=>[20,10,0]
[20,9,0]=>[20,0,20]
[20,0,21]=>[20,8,0]
[20,7,0]=>[20,0,22]
[20,0,23]=>[20,6,0]
[20,5,0]=>[20,0,24]
[20,0,25]=>[20,4,0]
[20,3,0]=>[20,0,26]
[20,0,27]=>[20,2,0]
[20,1,0]=>[20,0,28]
[22,0,29]=>[22,29,29]
[22,29,0]=>[22,29,29]
[22,28,29]=>[22,29,1]
[22,29,2]=>[22,27,29]
[22,26,29]=>[22,29,3]
[22,29,4]=>[22,25,29]
[22,24,29]=>[22,29,5]
[22,29,6]=>[22,23,29]
[22,22,29]=>[22,29,7]
[22,29,8]=>[22,21,29]
[22,20,29]=>[22,29,9]
[22,29,10]=>[22,19,29]
[22,18,29]=>[22,29,11]
[22,29,12]=>[22,17,29]
[22,16,29]=>[22,29,13]
[22,29,14]=>[22,15,29]
[22,14,29]=>[22,29,15]
[22,29,16]=>[22,13,29]
[22,12,29]=>[22,29,17]
[22,29,18]=>[22,11,29]
[22,10,29]=>[22,29,19]
[22,29,20]=>[22,9,29]
[22,8,29]=>[22,29,21]
[22,29,22]=>[22,7,29]
[22,6,29]=>[22,29,23]
[22,29,24]=>[22,5,29]
[22,4,29]=>[22,29,25]
[22,29,26]=>[22,3,29]
[22,2,29]=>[22,29,27]
[22,29,28]=>[22,1,29]
[22,0,29]=>[22,0,29]
[22,0,0]=>[22,0,29]
[22,29,0]=>[22,0,0]
[22,0,1]=>[22,28,0]
[22,27,0]=>[22,0,2]
[22,0,3]=>[22,26,0]
[22,25,0]=>[22,0,4]
[22,0,5]=>[22,24,0]
[22,23,0]=>[22,0,6]
[22,0,7]=>[22,22,0]
[22,21,0]=>[22,0,8]
[22,0,9]=>[22,20,0]
[22,19,0]=>[22,0,10]
[22,0,11]=>[22,18,0]
[22,17,0]=>[22,0,12]
[22,0,13]=>[22,16,0]
[22,15,0]=>[22,0,14]
[22,0,15]=>[22,14,0]
[22,13,0]=>[22,0,16]
[22,0,17]=>[22,12,0]
[22,11,0]=>[22,0,18]
[22,0,19]=>[22,10,0]
[22,9,0]=>[22,0,20]
[22,0,21]=>[22,8,0]
[22,7,0]=>[22,0,22]
[22,0,23]=>[22,6,0]
[22,5,0]=>[22,0,24]
[22,0,25]=>[22,4,0]
[22,3,0]=>[22,0,26]
[22,0,27]=>[22,2,0]
[22,1,0]=>[22,0,28]
[24,0,29]=>[24,29,29]
[24,29,0]=>[24,29,29]
[24,28,29]=>[24,29,1]
[24,29,2]=>[24,27,29]
[24,26,29]=>[24,29,3]
[24,29,4]=>[24,25,29]
[24,24,29]=>[24,29,5]
[24,29,6]=>[24,23,29]
[24,22,29]=>[24,29,7]
[24,29,8]=>[24,21,29]
[24,20,29]=>[24,29,9]
[24,29,10]=>[24,19,29]
[24,18,29]=>[24,29,11]
[24,29,12]=>[24,17,29]
[24,16,29]=>[24,29,13]
[24,29,14]=>[24,15,29]
[24,14,29]=>[24,29,15]
[24,29,16]=>[24,13,29]
[24,12,29]=>[24,29,17]
[24,29,18]=>[24,11,29]
[24,10,29]=>[24,29,19]
[24,29,20]=>[24,9,29]
[24,8,29]=>[24,29,21]
[24,29,22]=>[24,7,29]
[24,6,29]=>[24,29,23]
[24,29,24]=>[24,5,29]
[24,4,29]=>[24,29,25]
[24,29,26]=>[24,3,29]
[24,2,29]=>[24,29,27]
[24,29,28]=>[24,1,29]
[24,0,29]=>[24,0,29]
[24,0,0]=>[24,0,29]
[24,29,0]=>[24,0,0]
[24,0,1]=>[24,28,0]
[24,27,0]=>[24,0,2]
[24,0,3]=>[24,26,0]
[24,25,0]=>[24,0,4]
[24,0,5]=>[24,24,0]
[24,23,0]=>[24,0,6]
[24,0,7]=>[24,22,0]
[24,21,0]=>[24,0,8]
[24,0,9]=>[24,20,0]
[24,19,0]=>[24,0,10]
[24,0,11]=>[24,18,0]
[24,17,0]=>[24,0,12]
[24,0,13]=>[24,16,0]
[24,15,0]=>[24,0,14]
[24,0,15]=>[24,14,0]
[24,13,0]=>[24,0,16]
[24,0,17]=>[24,12,0]
[24,11,0]=>[24,0,18]
[24,0,19]=>[24,10,0]
[24,9,0]=>[24,0,20]
[24,0,21]=>[24,8,0]
[24,7,0]=>[24,0,22]
[24,0,23]=>[24,6,0]
[24,5,0]=>[24,0,24]
[24,0,25]=>[24,4,0]
[24,3,0]=>[24,0,26]
[24,0,27]=>[24,2,0]
[24,1,0]=>[24,0,28]
[26,0,29]=>[26,29,29]
[26,29,0]=>[26,29,29]
[26,28,29]=>[26,29,1]
[26,29,2]=>[26,27,29]
[26,26,29]=>[26,29,3]
[26,29,4]=>[26,25,29]
[26,24,29]=>[26,29,5]
[26,29,6]=>[26,23,29]
[26,22,29]=>[26,29,7]
[26,29,8]=>[26,21,29]
[26,20,29]=>[26,29,9]
[26,29,10]=>[26,19,29]
[26,18,29]=>[26,29,11]
[26,29,12]=>[26,17,29]
[26,16,29]=>[26,29,13]
[26,29,14]=>[26,15,29]
[26,14,29]=>[26,29,15]
[26,29,16]=>[26,13,29]
[26,12,29]=>[26,29,17]
[26,29,18]=>[26,11,29]
[26,10,29]=>[26,29,19]
[26,29,20]=>[26,9,29]
[26,8,29]=>[26,29,21]
[26,29,22]=>[26,7,29]
[26,6,29]=>[26,29,23]
[26,29,24]=>[26,5,29]
[26,4,29]=>[26,29,25]
[26,29,26]=>[26,3,29]
[26,2,29]=>[26,29,27]
[26,29,28]=>[26,1,29]
[26,0,29]=>[26,0,29]
[26,0,0]=>[26,0,29]
[26,29,0]=>[26,0,0]
[26,0,1]=>[26,28,0]
[26,27,0]=>[26,0,2]
[26,0,3]=>[26,26,0]
[26,25,0]=>[26,0,4]
[26,0,5]=>[26,24,0]
[26,23,0]=>[26,0,6]
[26,0,7]=>[26,22,0]
[26,21,0]=>[26,0,8]
[26,0,9]=>[26,20,0]
[26,19,0]=>[26,0,10]
[26,0,11]=>[26,18,0]
[26,17,0]=>[26,0,12]
[26,0,13]=>[26,16,0]
[26,15,0]=>[26,0,14]
[26,0,15]=>[26,14,0]
[26,13,0]=>[26,0,16]
[26,0,17]=>[26,12,0]
[26,11,0]=>[26,0,18]
[26,0,19]=>[26,10,0]
[26,9,0]=>[26,0,20]
[26,0,21]=>[26,8,0]
[26,7,0]=>[26,0,22]
[26,0,23]=>[26,6,0]
[26,5,0]=>[26,0,24]
[26,0,25]=>[26,4,0]
[26,3,0]=>[26,0,26]
[26,0,27]=>[26,2,0]
[26,1,0]=>[26,0,28]
[28,0,29]=>[28,29,29]
[28,29,0]=>[28,29,29]
[28,28,29]=>[28,29,1]
[28,29,2]=>[28,27,29]
[28,26,29]=>[28,29,3]
[28,29,4]=>[28,25,29]
[28,24,29]=>[28,29,5]
[28,29,6]=>[28,23,29]
[28,22,29]=>[28,29,7]
[28,29,8]=>[28,21,29]
[28,20,29]=>[28,29,9]
[28,29,10]=>[28,19,29]
[28,18,29]=>[28,29,11]
[28,29,12]=>[28,17,29]
[28,16,29]=>[28,29,13]
[28,29,14]=>[28,15,29]
[28,14,29]=>[28,29,15]
[28,29,16]=>[28,13,29]
[28,12,29]=>[28,29,17]
[28,29,18]=>[28,11,29]
[28,10,29]=>[28,29,19]
[28,29,20]=>[28,9,29]
[28,8,29]=>[28,29,21]
[28,29,22]=>[28,7,29]
[28,6,29]=>[28,29,23]
[28,29,24]=>[28,5,29]
[28,4,29]=>[28,29,25]
[28,29,26]=>[28,3,29]
[28,2,29]=>[28,29,27]
[28,29,28]=>[28,1,29]
[28,0,29]=>[28,0,29]
[28,0,0]=>[28,0,29]
[28,29,0]=>[28,0,0]
[28,0,1]=>[28,28,0]
[28,27,0]=>[28,0,2]
[28,0,3]=>[28,26,0]
[28,25,0]=>[28,0,4]
[28,0,5]=>[28,24,0]
[28,23,0]=>[28,0,6]
[28,0,7]=>[28,22,0]
[28,21,0]=>[28,0,8]
[28,0,9]=>[28,20,0]
[28,19,0]=>[28,0,10]
[28,0,11]=>[28,18,0]
[28,17,0]=>[28,0,12]
[28,0,13]=>[28,16,0]
[28,15,0]=>[28,0,14]
[28,0,15]=>[28,14,0]
[28,13,0]=>[28,0,16]
[28,0,17]=>[28,12,0]
[28,11,0]=>[28,0,18]
[28,0,19]=>[28,10,0]
[28,9,0]=>[28,0,20]
[28,0,21]=>[28,8,0]
[28,7,0]=>[28,0,22]
[28,0,23]=>[28,6,0]
[28,5,0]=>[28,0,24]
[28,0,25]=>[28,4,0]
[28,3,0]=>[28,0,26]
[28,0,27]=>[28,2,0]
[28,1,0]=>[28,0,28]
[30,0,29]=>[30,29,29]
[30,29,0]=>[30,29,29]
[30,28,29]=>[30,29,1]
[30,29,2]=>[30,27,29]
[30,26,29]=>[30,29,3]
[30,29,4]=>[30,25,29]
[30,24,29]=>[30,29,5]
[30,29,6]=>[30,23,29]
[30,22,29]=>[30,29,7]
[30,29,8]=>[30,21,29]
[30,20,29]=>[30,29,9]
[30,29,10]=>[30,19,29]
[30,18,29]=>[30,29,11]
[30,29,12]=>[30,17,29]
[30,16,29]=>[30,29,13]
[30,29,14]=>[30,15,29]
[30,14,29]=>[30,29,15]
[30,29,16]=>[30,13,29]
[30,12,29]=>[30,29,17]
[30,29,18]=>[30,11,29]
[30,10,29]=>[30,29,19]
[30,29,20]=>[30,9,29]
[30,8,29]=>[30,29,21]
[30,29,22]=>[30,7,29]
[30,6,29]=>[30,29,23]
[30,29,24]=>[30,5,29]
[30,4,29]=>[30,29,25]
[30,29,26]=>[30,3,29]
[30,2,29]=>[30,29,27]
[30,29,28]=>[30,1,29]
[30,0,29]=>[30,0,29]
[30,0,0]=>[30,0,29]
[30,29,0]=>[30,0,0]
[30,0,1]=>[30,28,0]
[30,27,0]=>[30,0,2]
[30,0,3]=>[30,26,0]
[30,25,0]=>[30,0,4]
[30,0,5]=>[30,24,0]
[30,23,0]=>[30,0,6]
[30,0,7]=>[30,22,0]
[30,21,0]=>[30,0,8]
[30,0,9]=>[30,20,0]
[30,19,0]=>[30,0,10]
[30,0,11]=>[30,18,0]
[30,17,0]=>[30,0,12]
[30,0,13]=>[30,16,0]
[30,15,0]=>[30,0,14]
[30,0,15]=>[30,14,0]
[30,13,0]=>[30,0,16]
[30,0,17]=>[30,12,0]
[30,11,0]=>[30,0,18]
[30,0,19]=>[30,10,0]
[30,9,0]=>[30,0,20]
[30,0,21]=>[30,8,0]
[30,7,0]=>[30,0,22]
[30,0,23]=>[30,6,0]
[30,5,0]=>[30,0,24]
[30,0,25]=>[30,4,0]
[30,3,0]=>[30,0,26]
[30,0,27]=>[30,2,0]
[30,1,0]=>[30,0,28]